y_1 = 47
y_2 = 0.0018590641324997689
y_3 = 31
y_4 = -1.25
call = 10
put = 0
option = 10
call2 = 10
put2 = 0
bond_price = 1.0742329348357869
bond_price2 = 1.0742329348357869
